6	0.27630427473431329322 0.07627753550707148944 0.01489976792826290704 0.14576330898734057850 0.03594756714778484658 0.12804125978944860820 0.32276628590577832734
1	0.00946959625038599519 0.87491703778274032555 0.00304093619448892512 0.10504613857935410359 0.00208374004098149700 0.00345071575746503257 0.00199183539458374368
2	0.00064137587420027783 0.00250103126082339491 0.99261198621701196565 0.00200940638101610889 0.00050211383977005384 0.00144661374899014423 0.00028747267818830834
3	0.00971629674054102881 0.03518446689416974971 0.00023151908168062295 0.95395998963180050900 0.00002685069988133490 0.00066437059448635203 0.00021650635744063944
0	0.95498532991887030708 0.00027136305138205345 0.00037328240303657710 0.00470672071234979738 0.01891722939587585015 0.00006658560497417954 0.02067948891351118965
0	0.86656783755722666118 0.00294459281588602172 0.00022632202710815718 0.00079247766905712544 0.07393130560668675910 0.00814218123434342321 0.04739528308969175041
4	0.01010088318415054871 0.32402191688426595917 0.00181405817299547419 0.11753809462151464105 0.45754695498678105148 0.00027856982766904630 0.08869952232262261205
2	0.00145525180045845545 0.01409542927941624321 0.97431583297471691107 0.00692759853079516399 0.00105416495816979938 0.00166012092640033227 0.00049160153004517977
3	0.01726345962683144275 0.32250655378797205008 0.00408693412321529601 0.63088846498859429968 0.01364553201302756182 0.00252803383631523826 0.00908102162404392232
5	0.01026082436503321371 0.10794626420041295023 0.31657301755388578268 0.01588811230683249975 0.19778198054737863854 0.33890843066116765891 0.01264137036528951465
0	0.61283007978308268182 0.07302702469637278870 0.00881498257014657650 0.08499567682686920422 0.04237504558816769518 0.14929954645516688161 0.02865764408019395165
3	0.03258500812910469085 0.00135233252540386162 0.02111636475409552072 0.91203857301418778114 0.01247911039586683569 0.00929177762377140018 0.01113683355756991782
2	0.00045072960487535838 0.00562261265601476153 0.98403429539884901267 0.00133353312044467705 0.00117774135892358047 0.00733477123139844849 0.00004631662949508050
1	0.00931943476071377293 0.98450790099991203341 0.00024227157730859230 0.00315198236651439805 0.00040219299129893866 0.00212586089975781798 0.00025035640449379152
5	0.04868648922816302266 0.07743928483815037955 0.24065370301401031727 0.00382530168455889842 0.24261077555618962287 0.35339066883500969141 0.03339377684391810902
1	0.17582289338426182468 0.34534599268440280273 0.19596601181292289118 0.11619445657454141596 0.06104648642700866851 0.04077743917432446324 0.06484671994253821126
4	0.04496946330341434345 0.13210895929535826365 0.02883018553103483539 0.00202288478302223296 0.54613691881611359236 0.12434391759913150655 0.12158767067192503830
2	0.00282935997706978103 0.00139033189137248848 0.97806040414712747122 0.00035776049181185268 0.00112687218746195385 0.01330196800814541051 0.00293330329701112658
3	0.01246227976226048709 0.18294807625865622258 0.01311857728038502875 0.66912425229695826623 0.06110718365703581706 0.00179235730126256552 0.05944727344344092473
1	0.00009538647069345463 0.98514138823720431848 0.00066081826639989951 0.01223412926998193768 0.00010239950098030435 0.00032631685332342375 0.00143956140141579493
1	0.00059032704386845930 0.98393122202767202555 0.00367078443427002084 0.00875909556229646606 0.00013462229720977647 0.00201701897104321261 0.00089692966364121835
1	0.00005396415522120346 0.99723643276174145367 0.00046640772453773331 0.00078847361942343793 0.00003543682874077252 0.00133684962689632628 0.00008243528343831803
3	0.32200144994399015896 0.17476682643789703819 0.00431602742387749566 0.44763526464075636957 0.03731188389321954402 0.00540603561687244896 0.00856251204338658901
1	0.01450826367811616953 0.88571693202561652125 0.02105056613486405021 0.01056426612108024750 0.02668251274271179335 0.02884588787877968158 0.01263157141883260691
1	0.00004744881867665045 0.85727482224392426158 0.00068260856231619667 0.14115487527675088519 0.00019960290088987250 0.00003423479030499033 0.00060640740713615855
4	0.00380581043089059509 0.01066063260815288717 0.00343692643476160766 0.00071337738538786524 0.95632948753020008414 0.02466886565587415869 0.00038489995473191529
3	0.09993280135033064115 0.00782714616774146665 0.00829300436950682410 0.87602027099673074328 0.00071182929500236550 0.00322060807547924809 0.00399433974520851161
5	0.09530098000978116934 0.05855460948594202325 0.00290933930525829601 0.00139910888409318997 0.18009329611455349163 0.39747765718930866408 0.26426500901106353414
1	0.07062917845767410774 0.89603188429132918369 0.00383390690316744468 0.00126980078865973709 0.01323948309477349962 0.01319212342614564312 0.00180362303825021969
6	0.00106882842201038168 0.19896240704264578358 0.04041137827209353994 0.00033128043217189933 0.00436207084375976693 0.01722680492626679424 0.73763723006105175184
3	0.04269126582269935216 0.00460045801827875783 0.00329421609024837083 0.91988896881182002918 0.02464286199452422194 0.00004002244148296343 0.00484220682094648001
3	0.34303909529953185986 0.06733747727471470212 0.03799081177405119053 0.48270134394185565396 0.00974800212404171480 0.03655029785383786395 0.02263297173196696099
1	0.02210871338641735157 0.78235881642707905126 0.01365137099046021332 0.03998077876269491571 0.10959932375506808988 0.01705302215449360295 0.01524797452378623061
0	0.61633152444788741331 0.03648917308531261783 0.04376168745140043836 0.11716147637433610429 0.03358254966141983877 0.02722476073561972201 0.12544882824402395216
1	0.01001459517198558490 0.50405456667518466762 0.01927131957500800852 0.05271623972729011509 0.02276154413319852673 0.36686278991750254086 0.02431894479982999249
4	0.00697470512075522384 0.05622553720127222016 0.00992129079118510802 0.00178170100116226290 0.88834830219229854453 0.03357321700669026188 0.00317524668663602240
1	0.00061550318058403481 0.93783382535613235564 0.05628137935865044211 0.00070073430032857836 0.00020032982353368839 0.00275563332129024523 0.00161259465948023146
6	0.00322195501326661988 0.00011514141762579727 0.00121943241214373266 0.00026393269813475729 0.00008181527163312101 0.00079056679561178992 0.99430715639158406827
3	0.00471572520669791620 0.00061520526263146168 0.00281377678025282506 0.99126679456566690885 0.00003638409047939094 0.00032903895076062716 0.00022307514351075223
3	0.00954259355108667134 0.26619869134692791812 0.00689434397458232439 0.69228126194603145649 0.00933862417273849041 0.00398055705982419770 0.01176392794880851828
0	0.99975296245251621396 0.00006196768850419488 0.00000385065224050249 0.00010781677778340468 0.00004924471515460479 0.00001661521127735680 0.00000754250252366331
1	0.00750634154862454654 0.67811925821491891853 0.18029110164040235142 0.05184157187301436515 0.05232044088383144831 0.02957760573702156864 0.00034368010218697710
2	0.00236186519841106394 0.00836241593015813432 0.95346994646967775378 0.00710029156290441481 0.00398821266188496837 0.02246514291954790007 0.00225212525741621183
4	0.00306679541802911022 0.01283909796371472851 0.00321568389641745805 0.06098973631738727891 0.89765385561305544027 0.00155664270418841549 0.02067818808720717910
1	0.02852976341184152581 0.65757265071316162164 0.14074516688757923721 0.01628932960181440556 0.00307663662347547285 0.14909160873514462620 0.00469484402698332279
1	0.00854760679009165802 0.71049606770989193194 0.03408963516100268348 0.00780029286518974570 0.06126479305344592619 0.15272427470317392895 0.02507732971720439547
5	0.00029541309346911999 0.04863162736113331441 0.00060427548116661234 0.00002427739935703088 0.00362015241396827607 0.94677370173475838833 0.00005055251614704788
4	0.00004158204568157749 0.00018547703034134445 0.00003298992459727960 0.00013333953861268365 0.99909260189030812960 0.00000749665777686672 0.00050651291268254280
2	0.00133553526419679823 0.01539848408656119445 0.97535352289547083693 0.00011980239179778607 0.00590222030598340757 0.00141798927806815436 0.00047244577792138664
0	0.88701674151694542836 0.00500485737772714354 0.00206831575857729369 0.09803478854383783359 0.00146221424998823160 0.00357385941730791476 0.00283922313561616900
1	0.00548343177839872957 0.84027183068046029657 0.11847269485712108583 0.02181475007955740314 0.00406031337427614509 0.00715302907054607331 0.00274395015964142269
2	0.00037843630035259951 0.13368393403062875380 0.63718791452080147941 0.00012823927112358928 0.00016402039459564364 0.22707092140856632856 0.00138653407393115008
1	0.07775618371079871805 0.46879662841029628995 0.01492353020473128830 0.21415080846719866670 0.05056202649535342791 0.05715393314253745805 0.11665688956908450147
1	0.00301820207625427481 0.45098531315561268817 0.24185187362139959344 0.10899291548999162638 0.04678512642970590607 0.11716679761796817971 0.03119977160906700978
1	0.00019275101970460412 0.99655884792574722653 0.00007533125654066789 0.00295059338103201675 0.00006784887515813359 0.00014785272434886170 0.00000677481746683497
0	0.87720904266835986185 0.06962282623500250234 0.01729814756304539139 0.00961444563300411538 0.00844413291724362483 0.00358621149270228106 0.01422519349064216114
4	0.03676454472948072205 0.33503164170836252644 0.15083596127571499701 0.03033910896384762329 0.42767557798124317125 0.01359282910330188686 0.00576033623804915809
4	0.11856929792410762781 0.29189604353688336502 0.19362772501809463743 0.06572099738613911002 0.29920047162564494814 0.01671628551303410218 0.01426917899609615389
4	0.05964471938618785829 0.04326061094020190040 0.00215513500770502398 0.28261532401612238230 0.60482012772947446599 0.00541067568103610966 0.00209340723927256946
3	0.01829940782517537612 0.00082723921008842247 0.00045695814882577677 0.97895326220939327122 0.00011638507785732681 0.00011854582642660793 0.00122820170223323245
5	0.00213120357336561749 0.18340949755848620639 0.03089226785914661599 0.00003743782307826231 0.00250130445463061244 0.78063143181112115698 0.00039685692017151582
4	0.00020282002431435894 0.00053782680449422377 0.00135859016129981250 0.01851668548714930848 0.97880260081276326822 0.00007821751056901874 0.00050325919941041390
1	0.34117665583956624520 0.43025363056990229005 0.10357061637951188449 0.00644740839580727667 0.10715946142375372407 0.00726555554545710129 0.00412667184600081643
6	0.00038029466448340356 0.01110980466005137904 0.00039843162295869627 0.00212714594667743956 0.00006976354183427655 0.00192653549302458323 0.98398802407096985778
6	0.02991488543685318080 0.06032199811212728136 0.00685316295060735704 0.00169964005632920225 0.06515840445387395541 0.00090858221077056269 0.83514332677943869943
5	0.11259235553477822678 0.19942711971163890050 0.05014374354501916625 0.02730006311641715658 0.10839996093777817809 0.29449807283985734996 0.20763868431451112939
6	0.00270525511205105002 0.32410003854354552111 0.19918434713280627757 0.00236061027361955363 0.09018619695826292360 0.01221089965050495621 0.36925265232920956304
0	0.69470951254766499794 0.06627429727066669329 0.00455916438712086151 0.22096861133803086252 0.00199677278521600459 0.00471392635045780970 0.00677771532084279170
5	0.00026339122198972459 0.04444312770620716113 0.00903015375824680472 0.00091864627444218324 0.00425758246530718795 0.94093512993553796164 0.00015196863826917069
4	0.17753419699011427357 0.00314550711544320065 0.01073210345406977982 0.00006754489435832626 0.48368200456782872720 0.29114555555025667388 0.03369308742792902212
3	0.04447979500023167831 0.28221627552474304323 0.01279062570667267688 0.49005888702308253446 0.00917776082887805655 0.15773598164707786085 0.00354067426931396062
2	0.04887720952968868660 0.01244890125881788906 0.91083260956109723949 0.00647564602260656749 0.00856746718867920816 0.00845149210747556459 0.00434667433163495650
3	0.09908820967049991602 0.12307433707059892147 0.00113401771982140297 0.75677264192010562649 0.00344911315127177697 0.01439327050361835503 0.00208840996408429314
1	0.13124326820342110955 0.86066325658617348626 0.00085733532775054727 0.00170492919728028563 0.00020776244097417282 0.00499043470778247778 0.00033301353661805886
1	0.00191164201610646628 0.95123077045722104206 0.00812717962277217758 0.00840162377583535645 0.00674410357515848376 0.01711073024255149039 0.00647395031035444442
4	0.00976112997155004908 0.11938686473249375541 0.03378929640513418653 0.19943176425556732867 0.38018461855146579165 0.05171970598109307954 0.20572662010269671118
6	0.00279700582516814429 0.02172634505870826155 0.06722146655111718716 0.01135983405720217970 0.16888079608862949232 0.05942247620806846015 0.66859207621110638975
1	0.01828734466714834403 0.72841353834742916806 0.08777136671541423130 0.02783177252989291889 0.07371212026749494883 0.03600227149126124238 0.02798158598135968428
3	0.00362818127462574301 0.00704241524533828506 0.00294789924593876276 0.90149607271143272769 0.03156089884380533506 0.00436651862162977175 0.04895801405722933347
1	0.00001470961194679910 0.99937835942186692417 0.00014522083716889773 0.00028866232211295710 0.00002375620098370157 0.00014562311369277351 0.00000366849222716230
1	0.00171778230721675827 0.99341363602060217541 0.00024246906418216041 0.00131485901627276139 0.00005306912800844183 0.00284324395996788434 0.00041494050375074309
2	0.00267824815423112249 0.00322335220126601608 0.98884835150884131671 0.00137921340211475622 0.00042599005027867690 0.00056531258788816230 0.00287953209538005213
2	0.00084173852140913643 0.00407369748088096811 0.97875375975528300376 0.00163415077626209780 0.00853802098177604968 0.00369727975017498846 0.00246135273421524501
1	0.00832026044692381166 0.60420462507099115257 0.00607385076032396654 0.37819220198687003576 0.00087176991365998133 0.00159510535435275318 0.00074218646687752843
1	0.11521785729149291999 0.52415982287425899599 0.05629465006924862930 0.14331384240214811721 0.03323421404390667494 0.08014687197961177512 0.04763274133933227683
0	0.58261937780887829152 0.00781490401039117849 0.00189513160026655845 0.25962326730245538497 0.12145931145608850066 0.00125122677549944204 0.02533678104642074144
4	0.01128938725992320070 0.09050945671615416577 0.00381124642094235900 0.02923356239221976821 0.71375613058839382230 0.00438870250941091923 0.14701151411295529381
2	0.01322668868918405911 0.01575818358748668283 0.86177727004223214635 0.02005048396661560442 0.03589918156814004419 0.03778075383652809704 0.01550743830981288034
3	0.00215558212483028507 0.01022914859416505957 0.00094259751034425274 0.98339773902216764956 0.00025378986516585501 0.00298284427082555264 0.00003829861250015979
3	0.09471973864321647785 0.16033819215654268597 0.02088430441141385374 0.35926881800727678007 0.15676505507743287993 0.18733400767836641543 0.02068988402575031721
1	0.00095205901544187575 0.69305787317381339907 0.28041500648317230215 0.00108367053161059030 0.00219156278265869673 0.02108697581226274403 0.00121285220104044985
1	0.00026787046741178123 0.98676417286847828425 0.01110706496994141347 0.00105940046520584504 0.00015694272400003378 0.00046792557683753369 0.00017662292812670912
2	0.00148076407392706225 0.03644651164529532500 0.95480778948959543762 0.00052387163846178721 0.00029842341524370891 0.00402110619546829605 0.00242153354200793118
1	0.00082291414722287745 0.97466354039732461256 0.01549113447741969421 0.00647287909161050300 0.00196393170582588985 0.00045054258730351665 0.00013505759329168122
5	0.00110522895633759981 0.00602008577323917115 0.01918113729668348769 0.00004963242381002316 0.01323777980318451529 0.95289523051232161155 0.00751090523442345982
5	0.00284993026194294658 0.00071922140338211182 0.00067928688493832116 0.00024538859980952678 0.00325060037656031871 0.99200219574810499790 0.00025337672526177510
4	0.01855892976184898846 0.13688591386203280420 0.00365879448280605635 0.01545665626375225359 0.62572287856624719815 0.03818456554313703899 0.16153226152017591266
3	0.03122800552056397005 0.22839337357112021731 0.00485016764313675984 0.72580008069584789343 0.00036351722421338819 0.00290142836930882154 0.00646342697580883779
1	0.19945708601068079524 0.41477475083121456700 0.03937561767522962386 0.04541450134208613321 0.07440455170415395669 0.12965102946754100688 0.09692246296909411141
3	0.12347953658351304429 0.15528599987210467415 0.16647712795312377687 0.41173892826164815162 0.05737088442752479728 0.08063195008952291076 0.00501557281256249238
1	0.00808262282283166850 0.89116281941196817673 0.00141162858619504352 0.09778807912167193639 0.00082662479532670822 0.00043460002540736468 0.00029362523659826577
3	0.00173563660734997135 0.03423172914218142182 0.12042947912259739651 0.79437766413715904523 0.00475652740376005228 0.02091658710445275585 0.02355237648250018204
1	0.11757072258437678558 0.44272273489482488751 0.00685890060146837014 0.02134980404016963151 0.29535127850382630887 0.11071050819569097645 0.00543605117964311626
1	0.00503938657903955662 0.79020545031804201308 0.03205518653236398563 0.05825544190035024383 0.00595955723454798508 0.10142680692058726744 0.00705817051506827265
3	0.03749348980306466128 0.02555255232047512828 0.00306635685002498801 0.92544891435373566324 0.00467547122942525272 0.00126495455387040309 0.00249826088940406860
2	0.00004386606406111460 0.29309038457822889079 0.59225059684861836029 0.00192664590296720410 0.00037583009601124947 0.11228287060816832810 0.00002980590194535451
2	0.03209686734807681158 0.01380068365950723637 0.89633116982489779989 0.01656763456997726452 0.01629416199640795065 0.01786313408940615882 0.00704634851172686316
2	0.00306507291159687856 0.00039330261349308017 0.98841188678371227905 0.00007145621518494358 0.00220355386590405074 0.00140625403134337908 0.00444847357876459494
0	0.94830008028737644565 0.00842002329973582167 0.00212147252858993713 0.00919297155007465540 0.01517882407060772848 0.01323464386388443180 0.00355198439973094431
4	0.16829105749570585915 0.07833796631290312895 0.01184751533037128879 0.02337118534202029668 0.59457767701803077021 0.04059391919969824319 0.08298067930127039915
5	0.07845562616773586739 0.19028086369072863548 0.04438138606509867135 0.00360144319084670581 0.03778016000746425157 0.55670986513046782918 0.08879065574765812596
1	0.09828505044947741243 0.85207245797895114769 0.00166021563886160255 0.00980119639484560400 0.00173602598382679432 0.03010674188755597946 0.00633831166648153328
6	0.09331260968195422001 0.19362830735159011764 0.01680311289727038151 0.02733274124968685520 0.06878891596327701974 0.00548916208938508322 0.59464515076683654993
5	0.00059645469552427864 0.00438018117843113133 0.00255143966427309483 0.00741103916284809559 0.00996484027078575405 0.97352939074453259671 0.00156665428360515629
4	0.01662970671630129016 0.07458995583385111261 0.01273198577240409503 0.01734598900227211568 0.77400942933354899278 0.00193194442346328256 0.10276098891815882430
2	0.00117833816997593103 0.00062365376301258427 0.96626562880200950190 0.00004386204313418821 0.00230861373374362331 0.02878151157836159393 0.00079839190976283198
3	0.08559148946514734402 0.19983375724226018488 0.00854494840011530560 0.64817250283717731119 0.02775269202407164987 0.01828512332785538902 0.01181948670337269053
3	0.00014514743466748965 0.00145374338837161521 0.00120366862261038661 0.99268711541961518474 0.00111205513056562713 0.00005137004543162376 0.00334689995873713652
3	0.01503813287559079351 0.35145850145230489447 0.00340737703127538729 0.56876500516255745765 0.02566514890964941356 0.02025665704920814880 0.01540917751941354129
6	0.18333123119699948345 0.27680895020683909946 0.00290848218054944345 0.03019718533066093405 0.16935039517858008207 0.01898803950017793896 0.31841571640619298345
1	0.00001523619711201231 0.99989306518848053429 0.00001893240532356163 0.00002223116193505355 0.00002377314254028512 0.00000546062610280002 0.00002130127850716310
2	0.00316828176751221503 0.00221046786785599912 0.87560032186192104930 0.00003701798082111815 0.00001042999138595403 0.11895871086213598289 0.00001476966836805628
2	0.07983386550863239006 0.09647110137916110884 0.43046463648243005196 0.03643309130026702730 0.26000801107598664474 0.09222340364266229384 0.00456589061086079898
1	0.00100716498877703796 0.99762919272550931726 0.00014965561419599647 0.00018727114144039840 0.00001137749778736078 0.00099421863224480908 0.00002111940004577390
2	0.03019839262456595549 0.17981659930726687224 0.44533770523549032205 0.16880756016043127477 0.10634833989455741432 0.04908364991497036339 0.02040775286271756181
1	0.08213536097110323009 0.36758448775549118492 0.09336653962994669043 0.32285672412730787029 0.07489760213110513432 0.01414358345287157481 0.04501570193217415555
5	0.02025331777362503541 0.01217479450476798702 0.01870953991342699449 0.04116948709110974935 0.00119896443617740307 0.90617845213396297499 0.00031544414693000881
3	0.01549616252393172869 0.20170010298322785247 0.03859353024372377122 0.33758371040541729213 0.30909052810173259784 0.02322434783496314659 0.07431161790700349656
0	0.48196649377830896865 0.01069053546140924862 0.02521205527283304146 0.02904361798554794954 0.26213474898251098999 0.01651617535158339187 0.17443637316780641333
2	0.05132144701175500590 0.26840123911147817370 0.27247957272069300849 0.04873699808195803423 0.25659395464632545059 0.07664883430992971980 0.02581795411786045116
1	0.06262973366920981944 0.91307568302162345208 0.00126393291106996334 0.01682782329405737784 0.00180287181952912007 0.00317682391514525651 0.00122313136936520912
5	0.12776084402757112435 0.24100846362183811489 0.02091236737437625337 0.00471760931885590890 0.13487614729505859046 0.46915558961004422134 0.00156897875225620671
1	0.00222507981566722000 0.88599437526286273226 0.00047512822263230122 0.00013015978711819752 0.00003973502960798821 0.11093938785116266854 0.00019613403094814757
6	0.03596898884864312834 0.00083380555607089361 0.00676362573150488412 0.00032513791577001134 0.00066404074753275723 0.00311162806109057831 0.95233277313938757835
0	0.77842233689260675877 0.08860290904853852789 0.02163622246051271833 0.08849051280610556458 0.00279168568541336834 0.01893357543969317533 0.00112275766713004657
1	0.00067158236421686684 0.99666749020981049156 0.00013403858921770439 0.00172288199817614168 0.00036405400050674319 0.00011635828669005998 0.00032359455138259536
1	0.11011158233931647721 0.31721399182003950923 0.07143754746915853548 0.23532539989375095280 0.20389293515376344379 0.04182654498676788984 0.02019199833720390289
0	0.87733148618921541484 0.03828088292994571984 0.01332642052694525507 0.01572500608095590141 0.00713218869348445240 0.04286478755762120063 0.00533922802183199683
4	0.02024467153036432071 0.07733630299993239643 0.00399070605765533548 0.00424940175629421636 0.80605292406511186432 0.07541456125804110733 0.01271143233260125550
6	0.00709894095930503968 0.18259700960548286286 0.10400879520538906797 0.09764246820758536172 0.16768295754111400830 0.00778187715107497759 0.43318795133004850406
1	0.04452065144025674909 0.76459969529690785528 0.00552650672310461746 0.04446287274237892967 0.04840812184118385708 0.03671515181068773365 0.05576700014548116591
4	0.11526471582583752706 0.07930936391333456847 0.00620448132364135110 0.00178895633783875238 0.69715345542038631432 0.05864709318451358233 0.04163193399444813092
3	0.00023722664582588986 0.00085265289116576702 0.00087317196524273454 0.99800039656996142323 0.00000245908102136979 0.00003019881482079989 0.00000389403196321920
0	0.92709615881961149331 0.00140518838023806253 0.00170491012138634717 0.00074496648331575039 0.00682935879850449148 0.00085127283624750704 0.06136814456069632912
6	0.07533471751177374387 0.01381902054435646225 0.00150800001528086426 0.03304603827912360597 0.31479311348265276438 0.11638363813934428370 0.44511547202746792884
3	0.00072228446912880352 0.00008576556673835071 0.00081522877621152397 0.99833134315911986612 0.00000835631729287646 0.00002220864549444484 0.00001481306601500595
0	0.69252187821165367421 0.10788526190786433545 0.00383637266864219175 0.02240266434335614829 0.05090290546899459145 0.07065016801047252493 0.05180074938901663845
0	0.95642976892920417153 0.01363404109852984179 0.00230164302246405441 0.00031463937841811707 0.00264733070484774249 0.00230130605991280945 0.02237127080662328071
6	0.22564625178165151342 0.07801160587628212795 0.00424741318965863451 0.00303099196132200618 0.02352790207308335518 0.00918236806094908584 0.65635346705705333026
1	0.00025048675821783673 0.99326934754112050641 0.00335942801394893123 0.00037081644411657299 0.00002784258956555294 0.00250415439134887494 0.00021792426168356648
1	0.01080507290839724348 0.96364455181175767695 0.00146775168643349164 0.01212589891355238085 0.01028841330359772308 0.00068811186336995489 0.00098019951289145279
1	0.06272688478759948227 0.70130439593968585399 0.01158332503070480350 0.17979234057205814579 0.00320692982142629143 0.04026625330002743530 0.00111987054849802502
2	0.07128244212279119529 0.23647480725708783234 0.30428935761750408595 0.02511090929472642105 0.27514589870858119358 0.01633739173414218079 0.07135919326516725059
3	0.01018247500353156032 0.03953016173256230364 0.00032011956757256431 0.93628668121086067178 0.00340802578247930863 0.00576730177178431166 0.00450523493120986648
0	0.98278972468139247365 0.00087002694343336678 0.00038893353028669238 0.00100749384838938688 0.01207394384854199899 0.00016229668202962197 0.00270758046592657880
0	0.44902413690139780789 0.09432128428052767577 0.01070968933597433656 0.10700748442410468186 0.32598027034464749363 0.01171871586385359390 0.00123841884949464935
0	0.42259645760409764170 0.10724981541256879691 0.26745268804859612111 0.01421804492143994257 0.12788086866869277647 0.03358427229770676037 0.02701785304689797648
1	0.00299872157353704184 0.34749901237550695487 0.14819707463045109219 0.16314188955235223166 0.01858850626597730732 0.31121951277384607426 0.00835528282832928397
1	0.03116315612164129514 0.35339933605865164745 0.04806378315506820709 0.21202544279202981126 0.19085933416009065455 0.12065057641455899373 0.04383837129795928322
1	0.17563065596826710202 0.71037877736577548227 0.00159341928534789136 0.02730678123663191070 0.05998166007667041916 0.00327710012142467871 0.02183160594588249431
2	0.00004909108038830823 0.00003046706320877362 0.98932635424298809301 0.00000465082364925780 0.00054176913170324195 0.00996759823953813524 0.00008006941852578965
5	0.01766842551638371506 0.00962797880797537121 0.00183639809488708142 0.00025488220334949610 0.00209425519213786958 0.96811070428560874745 0.00040735589965764063
6	0.04329131645867701633 0.03319316240351913305 0.12159277748573815714 0.00277784791417755262 0.01110449972380256160 0.03169543093149938817 0.75634496508258608483
5	0.05698735826540295146 0.01202912700265959360 0.02053584094435095819 0.03831893285055456427 0.09690109380386274784 0.76602557046865615842 0.00920207666451302447
2	0.00028969513558116302 0.03410410537300666289 0.67945770253627191249 0.00786269637085965263 0.20501738500127175691 0.03801903329525401637 0.03524938228775459370
1	0.00035854347295337830 0.99325001753983488406 0.00322783588142826639 0.00060350616893434055 0.00013639549211732577 0.00237393211914798709 0.00004976932558367804
2	0.01168158580230470485 0.00476995993991182442 0.95547515275990324568 0.01853437424003001599 0.00524213243926403925 0.00247226007468101701 0.00182453474390509946
4	0.00709625166595765060 0.03325552115262462444 0.01630990153126331971 0.17272993381025894544 0.65887410399660173432 0.05588333789385278166 0.05585094994944069663
5	0.08583770819462162305 0.13090881807174137297 0.22013741618635782049 0.02342762778375618790 0.11491886671571033274 0.38409959749194455547 0.04066996555586815248
1	0.02665651616243356822 0.53271733027946333028 0.00233265146134096352 0.00504140457705306005 0.41287527448348643189 0.01527104386584353900 0.00510577917037903593
2	0.00000913383708128220 0.00015732857179846788 0.99952627431891860610 0.00006537779003709189 0.00007692909794071430 0.00003093499240556713 0.00013402139181981624
4	0.13339739804831474146 0.12471871652750234072 0.12999774404365485592 0.17978992279895325557 0.33205936033088068182 0.05669887545109887628 0.04333798279959529681
5	0.06270095682369060397 0.30630871983191837460 0.19687802810825225097 0.01339207852864225667 0.00772495769673295536 0.39664470096459070181 0.01635055804617275774
3	0.07357866338464980061 0.06738088929782901082 0.04465272825895228587 0.79272661454551884841 0.01339448391704206424 0.00569250366573546395 0.00257411693027290341
1	0.03799709069593643074 0.92955496047476082744 0.00363065222379105410 0.01571816696738893848 0.00136210048368366060 0.01135559807830416323 0.00038143107613469745
1	0.00351338587639153524 0.98861471570309944479 0.00007810380998554820 0.00054780195292998730 0.00007386097126914752 0.00666752941532717126 0.00050460227099712279
1	0.09132495199297047117 0.70103778064936272951 0.02460720289160777882 0.00389978157525007691 0.02503943100537139865 0.03735102239707003419 0.11673982948836730822
3	0.00345297345470690778 0.00090697252779318896 0.00134586325017164283 0.99297044161884417957 0.00013385830748311570 0.00018058083103229456 0.00100931000996919758
6	0.23647837528059992285 0.17138224650195374443 0.04419613813513499634 0.10134215134472665532 0.18106499071990680982 0.00758124465423464216 0.25795485336344320393
1	0.01139509438131220374 0.88785870215421913709 0.01626413542877556268 0.05063619965476896800 0.00729818074798999072 0.01921688364763725690 0.00733080398529661805
0	0.91310217955439232362 0.03183810230806687763 0.00562799449491428218 0.01275172997441836702 0.01773119616652681432 0.00164718275812670558 0.01730161474355480095
0	0.66117413292658022694 0.13814482728011870383 0.12881408765493562729 0.06153455370520828638 0.00304213726445452717 0.00278898904782821011 0.00450127212087440658
3	0.03456372952131127330 0.03004401575821011999 0.00016375290578910057 0.92127072293585821061 0.00858664048491077601 0.00451491923909755778 0.00085621915482276048
3	0.00012561296810227043 0.01721584548270569878 0.00008698941334979294 0.98207852263999106945 0.00010410347017388480 0.00028614493763708657 0.00010278108804016711
3	0.19326526600005150547 0.28228736664882936314 0.00960729655706004347 0.44773381108565052378 0.01855232020726582318 0.04241906323022830855 0.00613487627091437952
1	0.00658732491720162051 0.97108996568689032181 0.00021963818746565606 0.01114390684536984907 0.00577654806374519950 0.00322185394377165870 0.00196076235555488546
3	0.01074072848087651022 0.27182171090800200108 0.00136041516008044566 0.65571341706206975886 0.00102299033653604154 0.03388060532443172568 0.02546013272800376134
2	0.00007702669614816554 0.00005396178000522579 0.99753811745681653100 0.00019600653757087665 0.00077026914789986474 0.00029241698767250242 0.00107220139388486640
2	0.00000947000782050019 0.01021517683886479649 0.98943808609668748577 0.00023006321639856600 0.00000329408979895836 0.00009739074688529848 0.00000651900354418094
1	0.02491956721432253552 0.88837323728287809210 0.00432978566384053729 0.04840314359007414496 0.00065696472927204478 0.00038297317983276814 0.03293432833977952279
3	0.02185842977828734990 0.02783536724468159071 0.00507842787291458431 0.93556247926145685856 0.00496522794290042441 0.00037435285247657251 0.00432571504728276619
5	0.00622816949653847481 0.03376037782868100690 0.00400786893594720552 0.00062734003504612225 0.00241380151404353141 0.95219136924412550727 0.00077107294561842669
3	0.00009079970270456607 0.01399841330580981272 0.00047422254338608114 0.98487653850295331370 0.00034382598990563535 0.00002925816589355456 0.00018694178934753692
3	0.03951970693294599990 0.09492686975583021491 0.06697047607381188816 0.59177931318653476112 0.13839309077490130617 0.04880039987125445178 0.01961014340472164511
2	0.01449831885722395811 0.00676801239168321224 0.94676436361675841979 0.02648586722530450049 0.00252787772319361306 0.00093479922180544439 0.00202076096403004451
1	0.00191368994745997733 0.98139365332337313852 0.01081800411890360830 0.00122579920552303399 0.00072890914204314984 0.00091898017526358209 0.00300096408743403403
6	0.04265102238028643800 0.06440245208416123246 0.01570073479693426255 0.08428719391970328212 0.03714003724394775857 0.00493147264934634330 0.75088708692562089464
0	0.98765839660354892704 0.00017927710735258931 0.00221089853315346472 0.00202848268801460131 0.00338435992590189029 0.00321887430188553050 0.00131971084014300376
3	0.02305191916659727128 0.12860356923020779818 0.08827487943120181091 0.68615184337662027403 0.03030132964805278689 0.02002991722879151823 0.02358654191852863069
1	0.00341960809981508435 0.96894949978498023935 0.01445135823644683876 0.00583454707357905673 0.00015986504554409535 0.00590248617218118270 0.00128263558745432419
2	0.17997134802961731181 0.05701996959673281962 0.32445623789439675955 0.32402358221485194623 0.04278292017207420417 0.05642665956794888638 0.01531928252437815552
6	0.22300504839681331570 0.00013629819511994128 0.00017901364001463770 0.00105035559156983825 0.01135592166468476355 0.00172934072809768067 0.76254402178369973253
6	0.14759465769720189754 0.01439592146532263535 0.00146792470697222188 0.00118213570239911539 0.01638320394584144926 0.00668617841991932856 0.81228997806234348733
5	0.00238826832856492638 0.00257450224318287292 0.00174075410480296054 0.00905349281537691508 0.01370325246951487053 0.96335645838794514706 0.00718327165061260001
1	0.00018278754846363782 0.99483026724520917661 0.00021507794137526706 0.00118897725506562327 0.00005280939528485073 0.00350402264753234662 0.00002605796706894220
5	0.08935363329540171873 0.04261353616117365128 0.22756818260664121722 0.12953185828753488451 0.12594273086435900377 0.24732014820998715621 0.13766991057490243766
1	0.00730067892134480829 0.71292559026451118864 0.00405953242049093138 0.03648672453233071239 0.04410293762756461317 0.10250228456289954548 0.09262225167085767763
1	0.03158593327239325038 0.91061549652273598987 0.00303922808763476679 0.02503281978605140581 0.00514314890614607327 0.02310585223908045993 0.00147752118595860927
2	0.00306429684611720992 0.00392135990428653467 0.98881888038196685820 0.00019220214233825743 0.00302389336123326828 0.00081557175464458973 0.00016379560941259347
4	0.09367572446446649492 0.10305602763029929336 0.18178283458478794454 0.02486446356470229865 0.42843198671135090949 0.14737023738220794700 0.02081872566218529938
1	0.00022498942546000849 0.95959648553236331914 0.02984066020722052695 0.00846516046275915847 0.00005423082249365409 0.00096455793682127680 0.00085391561288198855
3	0.00081367602380506268 0.00099872369756940325 0.00018561651177056781 0.95402615458579531627 0.04046137466514052733 0.00298643033392655957 0.00052802418199318656
6	0.15867968252963218778 0.22468420769729613440 0.08979261161833378135 0.01848614364260229084 0.07068380255000497603 0.06091194979741650084 0.37676160216471399345
0	0.35346368210264944576 0.11248335957932049933 0.24067809916176946539 0.13014218013277120689 0.05329745039921471306 0.01105650091510641288 0.09887872770916830700
3	0.08262463939301600835 0.01047892640984153523 0.00279611367005320978 0.88648661791980387648 0.00449718115889825680 0.00442679172937569983 0.00868972971901096035
2	0.00023803892975473247 0.12050859600920871273 0.55199056470997853729 0.00243918770360184844 0.05588622022246073767 0.00185158787920610790 0.26708580454579000651
0	0.63386945663768001769 0.08091551913568539867 0.04457105710327646103 0.05223627608070181144 0.01623049816405964033 0.15326852777518443216 0.01890866510341219359
1	0.09353834564742657953 0.42009075509256982306 0.01559676111238446697 0.07076492845494526673 0.36494424650142281985 0.01355954602351741589 0.02150541716773373552
1	0.00306721659364078041 0.99478848510159589846 0.00020449602743523415 0.00123074895619030840 0.00054330024006497694 0.00012832466898360248 0.00003742841209028236
0	0.49217616587113194315 0.11303461390432269218 0.05219397961236837274 0.02636609185397210953 0.14014799943498959522 0.07955976316437300688 0.09652138615884223172
5	0.00101975163070201400 0.00506199671286729300 0.00547489803849974740 0.00093243503541283836 0.00093027422774254924 0.98099739655873197108 0.00558324779604388657
3	0.00124008358654358638 0.00294911166030573275 0.00037182781020961042 0.99518917626845049273 0.00018020236278335850 0.00001067847634892993 0.00005891983535937206
1	0.01849038533372721407 0.81902185681460737410 0.00036872722304701495 0.04249547321683613821 0.00126738059702231941 0.11775309781859072400 0.00060307899616885016
1	0.00107787516660907425 0.99674048404597526130 0.00009926538158791580 0.00187939784213431095 0.00007464450542840617 0.00012281454443829900 0.00000551851382808978
5	0.16385337840641975293 0.12255912983361945401 0.02877820244801094010 0.03851268527357359917 0.26008237429059966050 0.35007797216953956410 0.03613625757823685225
1	0.00840189481977604916 0.94480651495851242228 0.00252476026099552773 0.00662853087987076792 0.00209748366659808210 0.02973613312218249469 0.00580468229206420119
2	0.00103650248065681309 0.08231434664558782976 0.67541395721090680127 0.01650434706288449530 0.19574744459788814832 0.02667405532928075057 0.00230934667279599415
4	0.02888042545199648661 0.05899875369959980964 0.01819333342182237467 0.01983564606284044310 0.60830239509237082896 0.24006218110780233599 0.02572726516356776960
3	0.15791087106287904351 0.35240908279347776810 0.00031643911761304627 0.46083660103469581415 0.00305500366033923006 0.01413340445120733063 0.01133859787978720203
4	0.01030061815320901589 0.00169040549678910559 0.08383605256554049756 0.00798968826478073033 0.81648039309603992475 0.02485677996333206935 0.05484606246030913901
2	0.00014086879151266183 0.00114591553201896530 0.99132034735173768514 0.00002276961540423656 0.00006902525513086602 0.00665221592224345820 0.00064885753195100372
1	0.21288711808998478370 0.40638686347144881150 0.03605952601955592779 0.04105468598107561012 0.14121654462630739424 0.05754943426098650672 0.10484582755064110471
4	0.01970161331646696698 0.01436619062087253831 0.00149987338082110022 0.00118454118298440703 0.94733120981208218669 0.00416047889668152721 0.01175609279009151749
5	0.00000888134872075689 0.00017392523911769709 0.00016379905857508305 0.00000730920611922203 0.00027108025550707393 0.99931827690987762303 0.00005672798208226953
1	0.03729205211269824571 0.56158688693907787837 0.06788516479779450885 0.07830310315974579882 0.16998084705478364032 0.03666630207456417906 0.04828564386133609582
0	0.71630219794574934156 0.06352071906454054284 0.04352259227064400604 0.02411360663944503088 0.13537093305296449275 0.00580167422606530855 0.01136827680059119237
1	0.02590152529976028767 0.41664454200762079950 0.00468409453517381561 0.06279630192265488187 0.06754028009547273503 0.30721489304029214740 0.11521836309902522277
1	0.11337667201595236222 0.73668282042507671203 0.00337529666966910127 0.12144987996080258696 0.01166497607924192083 0.01045821112098136926 0.00299214372827554280
1	0.00095583334034527996 0.99520373641762660544 0.00169250641971994617 0.00048552803506033521 0.00058509593464138154 0.00084609153943192533 0.00023120831317421857
4	0.05550583579229323439 0.00528962463112017580 0.00096866901934652017 0.29671194239606807352 0.45163311214856499687 0.17295015589599943562 0.01694066011660766771
0	0.91757012037125096349 0.00937685391709321137 0.01826365473488500771 0.03523822191558889649 0.00441727831557814799 0.00220973534673251943 0.01292413539887135067
1	0.00071432428399235590 0.99901013283353778949 0.00009067260428612620 0.00007599136454384785 0.00001011657741251373 0.00009719264190592986 0.00000156969432308079
2	0.00050073547912507651 0.32233143057388763397 0.62675226082368318270 0.00130898794966602589 0.00003897851750661666 0.04859690448179522504 0.00047070217433708452
0	0.58736719801944781150 0.00800762058480677420 0.00104999696584047539 0.00294830219282311802 0.01911033264145464358 0.37660909400758635357 0.00490745558804111647
1	0.10740732533442280683 0.49279417421488241891 0.06932912793971070242 0.21568487698524882457 0.06879614550873371093 0.03687615182797521207 0.00911219818902629826
0	0.94798355011685042637 0.00273111542877217412 0.00237275048751697066 0.00153022067636713797 0.00199533592901681095 0.00025230415781503878 0.04313472320366135149
4	0.00051410883556315219 0.00181918145917120107 0.00261437658901635768 0.00435427837813540542 0.98518932808935644196 0.00167756822912673749 0.00383115841963035204
1	0.11263883599296578564 0.80483621669629878959 0.05027486784942900022 0.02260752434112370257 0.00100176166946973691 0.00121755096728815970 0.00742324248342497977
2	0.00043368409494332934 0.00984593129087296681 0.96869931650154739167 0.00177095753159573367 0.00077393246459363815 0.00320252381400336957 0.01527365430244346893
3	0.14795057216701104630 0.29052053684525058763 0.03574648688061203561 0.48301393332044190165 0.00248929863410919227 0.03192908650462052828 0.00835008564795481495
1	0.00012311238077547092 0.95229591426229920348 0.00618072200131046436 0.02215946716314176265 0.01060390841171014384 0.00536249358603570637 0.00327438219472672709
6	0.05570716394453058967 0.00513667844956199396 0.00264524122686714746 0.03635935321903864537 0.00086749485387888807 0.01126157972240336182 0.88802248858371957141
0	0.58229135928332942385 0.01633449653559962064 0.02052987252462404322 0.05227263634524855623 0.15352026660999765206 0.10553752360921708764 0.06951384509198359207
1	0.00517229723612570944 0.95733539427433178570 0.00057082575111198658 0.02811499175438881420 0.00559618919662454792 0.00266444519297614991 0.00054585659444104527
3	0.20034728682851749015 0.18109749039935904569 0.00511613114732229531 0.39675470469589863010 0.19054535370736908062 0.00280087802175094189 0.02333815519978231501
1	0.18545078364020997630 0.77761016502754809476 0.01598206530598303768 0.00134245823798814627 0.00132613343208161090 0.01498351859433923183 0.00330487576184972749
1	0.00249891795549968439 0.98109823182864275282 0.00100444028186945237 0.01039296657771930643 0.00005973577305430881 0.00409850522185006404 0.00084720236136410891
1	0.00996314125536408232 0.78420658018709799020 0.00189561632757203995 0.18410478655015957705 0.01183227533459066394 0.00091505924520569458 0.00708254110001054274
1	0.00048688314134660626 0.97552261355111491437 0.00716668017600363173 0.01430686349028251897 0.00030169764108449953 0.00039439844169673671 0.00182086355847266897
6	0.00055477721228189964 0.00042222967507764872 0.00018598773230242921 0.00036450688946447989 0.00014438587237698523 0.00004147805880367657 0.99828663455969324225
1	0.28317888523723983019 0.53114913882341641127 0.00496557298643872293 0.14133308788663628830 0.01560759129180807996 0.00928069622921360964 0.01448502754524697012
1	0.23673945755991102069 0.64762055708745336347 0.00256954834485265690 0.06253098879629205575 0.00051694731893681166 0.04713746176064170790 0.00288503913191206747
2	0.01716564379672324767 0.00979677275065803793 0.95423936393274322310 0.00920215819470219382 0.00291301596470975579 0.00387445815012718749 0.00280858721033649082
2	0.00055745576666946695 0.00001750663401965306 0.99763618862381364671 0.00002025726729290202 0.00001358110333812501 0.00169911419225536489 0.00005589641261023289
6	0.20053192320034826657 0.00862758858656254013 0.03792053066482301005 0.00522243401926157126 0.02553600621885750502 0.09581852783897849835 0.62634298947116862077
1	0.01479426996047771350 0.69413192180111837892 0.02054321281988805148 0.00280279573780913872 0.00607130043405738201 0.25885558938990438360 0.00280090985674515038
2	0.00036584028013340956 0.00003521796161734309 0.99913442647510575245 0.00003182238173763585 0.00003360702574281250 0.00026088464741439750 0.00013820122824907479
2	0.00000066794204273244 0.00000019691658985907 0.99996950555617125644 0.00000181590040500111 0.00000481490327766946 0.00002257367265620008 0.00000042510885715431
6	0.00619396216662135898 0.02127904117639408191 0.01896029988593666421 0.07134031200463239464 0.11793002592546074359 0.27575374178550504656 0.48854261705544999028
2	0.00504907269800206407 0.06725262937364107074 0.87939527554264329545 0.01292294301334493377 0.00917685409432537555 0.00840249728740237803 0.01780072799064019023
1	0.00050916456422370388 0.98177588130653881127 0.00021465210248337212 0.00523815482410489117 0.00009711004744900555 0.01201694682032444263 0.00014809033487465380
3	0.06583121099877556337 0.17100190752378319203 0.16895121050531902718 0.43866515371104930487 0.05532616428306272316 0.06702601770220723010 0.03319833527580307031
2	0.00409779376859771127 0.14698746733506001805 0.72298773366273405561 0.02423141376226526505 0.01650143090494382223 0.07815748227586769015 0.00703667829053193986
2	0.00839885872302360489 0.00086982858400099124 0.96303253618338890973 0.00338132455832761223 0.00079334967533428236 0.01836499562879828629 0.00515910664712556852
2	0.00009135583228550472 0.00007627388555108478 0.99717307721409875754 0.00001279102212776917 0.00005697511366557637 0.00257909892088208298 0.00001042801138906262
1	0.04828256546862274429 0.53721883280467630506 0.12530393205113193877 0.09095823161270720492 0.09340121681416398147 0.04193029733657464148 0.06290492391212312850
4	0.06324294537881962330 0.00816272830361461366 0.00710994066012058615 0.01561463658588164299 0.72575129670835714091 0.00074213938146809578 0.17937631298173842276
4	0.00448002273669524231 0.20936381388748817600 0.01184181696385268670 0.04022141401944570593 0.36564815848599857562 0.00788765645530584668 0.36055711745121382661
3	0.00506585227242430883 0.30978048404327651610 0.02487955808501607011 0.58404684358670033717 0.05075684465299139247 0.00135084055402358814 0.02411957680556817488
0	0.88036544746220046775 0.00486515478565554670 0.01695054118058176088 0.00362808095680929423 0.03471784832976376051 0.01327748363086817679 0.04619544365412080189
1	0.00344108247921730758 0.94868775812615491194 0.02923120417089185644 0.00781787048356831840 0.00413408690739455568 0.00390062571225903475 0.00278737212051413446
1	0.00009467382016445616 0.99737777794923188068 0.00145703807181349191 0.00077743932917823826 0.00006393803192903468 0.00015782171740266128 0.00007131108028111481
1	0.00014117890782730709 0.99031310551729434533 0.00150548295607332017 0.00320277147030933801 0.00103836853604139467 0.00361718550962433555 0.00018190710282845921
1	0.00019326557323572121 0.99934786443913881104 0.00005378264442426650 0.00008606399116228544 0.00002429317318996482 0.00020147576511061804 0.00009325441373940732
2	0.26649274521343208066 0.11234809608718634988 0.27702046458949464158 0.24369404576230727089 0.03748194712844647031 0.01725979086609243096 0.04570291035304105409
1	0.04631427696406469757 0.80542244242133453902 0.07169781933998896351 0.01896302946771403347 0.00327368227491781592 0.05187627711209909231 0.00245247241988065046
1	0.01479546635557483190 0.92683230546089812041 0.01771734666055539698 0.01568079030107552910 0.00416785241467542995 0.01790997243915906992 0.00289626636806256631
3	0.02856247519500507148 0.02063192658112689148 0.00342719179740859836 0.91269808130900087484 0.03162991546983671270 0.00046853591948226557 0.00258187372813912337
0	0.40543521969398149674 0.14357253060004829259 0.40343729930733274180 0.01326793911886099166 0.01887734677785344803 0.00576657483594186174 0.00964308966598101218
0	0.72513532509036926488 0.05658709922357663125 0.05276635074348377114 0.12776537884038649540 0.00632828287751036663 0.02669588436587102750 0.00472167885880272510
1	0.12331117529838772628 0.83129438376367181807 0.01877047690081927109 0.01531583013169971440 0.00702935091878035059 0.00373932262459774180 0.00053946036204312385
0	0.34583663333089481595 0.31068558649726396581 0.08817629972742024869 0.02749174385148285202 0.06207927116872177103 0.12674434751402247068 0.03898611791019425399
1	0.02034257867123221916 0.85783724401437289053 0.03809664216908172085 0.05490459229175009143 0.02146699633743313212 0.00220106573318281859 0.00515088078294753237
4	0.08268109613866816976 0.03819743964283518756 0.00188475500241509233 0.00286798736100245212 0.86532300445399923383 0.00592183178594400325 0.00312388561513596112
1	0.38446368923852708432 0.45348605053351476180 0.00783059441483392044 0.09560182671205902372 0.01460762688479362234 0.03518486919315067657 0.00882534302312108429
3	0.03965864675060095518 0.02350633801958643826 0.03365915044144184715 0.43303468915276949192 0.36993730258518148224 0.01099376511103558086 0.08921010793938441430
0	0.97287123831514221717 0.00931006933144265351 0.00184648106076729318 0.00301630593124450853 0.00315101861890429739 0.00915248621896947237 0.00065240052352960186
1	0.02130164354774939650 0.93961161757335032174 0.00101187783801768042 0.03402783050773076912 0.00276981552621432484 0.00027640653858197349 0.00100080846835563222
3	0.05665955519889369352 0.24106460733330054014 0.00232405646566418355 0.69052961990001848758 0.00108450882499641480 0.00130952584290093608 0.00702812643422580981
2	0.00009920943755450236 0.00005310258818717716 0.99921503957816193431 0.00004580297228759734 0.00006224241051377512 0.00041889837291856469 0.00010570464037729130
2	0.00257886022976143089 0.00219502004010265405 0.97404590562164583556 0.00356965664139494371 0.00019051470825047587 0.01409229666612141045 0.00332774609272338921
3	0.01744160429678688271 0.27812148393903407539 0.01861273038897508919 0.49380903210675508586 0.11538452950180155820 0.00368126557127289658 0.07294935419537422472
2	0.01241260184918963928 0.05046609945261441160 0.84910502407242782752 0.00994275948708854898 0.04292957525591172691 0.00307049602460322812 0.03207344385816416482
0	0.53047900314511464703 0.11543543661139502032 0.13705405822799818227 0.10950854741127352687 0.04328676318910341936 0.00700125998318923155 0.05723493143192586591
3	0.03952168034811756603 0.08821450760952095904 0.00557966764674857740 0.84214313404944773911 0.01889875100947575881 0.00032244137654511169 0.00531981796014465661
4	0.00072697597506373910 0.01533660039802243850 0.00058130930870379410 0.00165781539518701981 0.96200172862235955318 0.01255246247191394750 0.00714310782874962632
3	0.01652128500032162828 0.01062227089351876728 0.03161973915783818784 0.89513623427368904650 0.02827279544722434423 0.01288743420639031252 0.00494024102101717818
0	0.98008385390502528178 0.00016550652728986658 0.00271073540861210783 0.00064771569769690274 0.01431661147094465993 0.00096660571572600553 0.00110897127470511157
0	0.92041759958317281853 0.04225323095177826310 0.00419951671297523910 0.00358392173838195660 0.01349819708911245350 0.00472137358193307037 0.01132616034264631241
1	0.12689673376721727349 0.66180437355751386974 0.10027322321986210929 0.05958047319128925018 0.00332933080908887676 0.02902192563249427620 0.01909393982253441285
4	0.01649851011426476527 0.00723916178435865879 0.00041997285772984267 0.00522459257516974356 0.96805635145742652270 0.00121981797682487814 0.00134159323422587380
4	0.03205081892044228664 0.00591854883169672021 0.02757469393789961296 0.00164519447331919482 0.83675252674384781315 0.00474680494314203352 0.09131141214965199371
4	0.00791929541887913778 0.00260319163518203103 0.00462657377764590875 0.00370976744643956727 0.94432635178651558316 0.02991205109125287531 0.00690276884408537027
0	0.49086980595227158730 0.00950513220075947969 0.37641812846250694014 0.08795892919826223122 0.00023808161072308437 0.02487120710408417812 0.01013871547139264147
2	0.07754597127397816481 0.04947432601580508543 0.79464267797124055193 0.03083778357541924753 0.01587207935075851326 0.01724065502304097247 0.01438650678975707947
5	0.00321366909348971136 0.00026240939289155318 0.00064934340183652947 0.00011821160086138656 0.00987410560899510022 0.98301045993685143287 0.00287180096507481030
0	0.20890314668490311822 0.15721689588419759942 0.12677509238602338582 0.04985526580134071184 0.17011402852866963631 0.10450821486062115973 0.18262735585424461071
1	0.06003583623215566489 0.74253928098450827644 0.01009490110535347582 0.17627258069219631231 0.00129205256749206107 0.00459021964567086962 0.00517512877262327458
1	0.00225268604964624962 0.94954852963318803205 0.00164143317697559290 0.00005487215466477831 0.00136323295515254042 0.04329023516303800306 0.00184901086733518967
5	0.02790804178064262148 0.01316425683562151040 0.06672550538864917280 0.15958975251230286818 0.01789090814318616829 0.71276215018961031067 0.00195938514998742971
1	0.00379249834079703474 0.49011260977344534018 0.03486226082043827196 0.42955124622146367841 0.03385924483703563886 0.00769544441006445121 0.00012669559675508206
1	0.00346709984095869153 0.98760248232223468712 0.00136220506042511978 0.00513131201586850081 0.00015832941203247533 0.00208533137690545840 0.00019323997157511135
3	0.00111819529217924651 0.00918968513440046944 0.00495156764185441123 0.96301907251382246056 0.00096340013413666933 0.01463397550711709010 0.00612410377648887460
0	0.30280677767518099364 0.05528041240110539295 0.25217310625746097719 0.18444128935631753929 0.01108980434134416125 0.00300142147776934209 0.19120718849082166124
2	0.02493625084141008058 0.00244131167312763115 0.89890929516637152474 0.01299512584967589188 0.05208532440420226423 0.00642898905083689239 0.00220370301437548344
2	0.00019690875491337075 0.00029978186397146251 0.99915256962345722069 0.00000465178201917986 0.00001242918765543038 0.00032748531384112065 0.00000617347414064176
3	0.00467602304020770920 0.08200948878057208458 0.01219510098109469198 0.86982603829059745859 0.01579089670641984494 0.00488063991446568892 0.01062181228664226332
1	0.00605930457872831067 0.74349560812028669954 0.02219710021895513960 0.03811327826890755638 0.07375197358364786460 0.07591821394970746373 0.04046452127976572777
1	0.00048981758007804476 0.96496574740725693520 0.00228977300866391306 0.03069086167258520959 0.00059180352437725159 0.00040102092265392335 0.00057097588438506360
4	0.00007428495117229388 0.00123399189944341757 0.02203054750709560611 0.00104671781536425177 0.97086908600588828211 0.00449256519209908101 0.00025280662893852729
3	0.00738254798981376713 0.04598962567085097819 0.00001865342161824131 0.90121504679691610828 0.04468223211770853270 0.00002229964258722841 0.00068959436050563172
1	0.00135926534942580786 0.98287581654622335758 0.00311257890329337625 0.00999393809863840209 0.00141963744420438038 0.00057100678906974790 0.00066775686914562486
1	0.00011884456015082761 0.99929963863150839121 0.00000349321012276750 0.00039836626367932386 0.00014096038725286010 0.00000200245319003531 0.00003669449409543823
3	0.00402658202450232629 0.01013636420244088711 0.00833705343803361337 0.95658765591747119128 0.00155178591529990268 0.00678763346098804760 0.01257292504126370294
0	0.35321295176579686759 0.00701547382879046111 0.01065789906980909620 0.02683121575461302685 0.02090515624529722810 0.30456063566833696532 0.27681666766735646412
0	0.89718100679863987956 0.00486779747317501316 0.03447620066672547889 0.01055389728120139162 0.03519617712656893799 0.00867216808777235976 0.00905275256591713678
0	0.66232176871944026253 0.06745920016182430090 0.02291581001220145686 0.02576757313259418064 0.18269781690739039792 0.03194864940281440246 0.00688918166373504986
3	0.00161010066494592097 0.06034796016948090758 0.00420829243154326529 0.92344072580208580447 0.00524753574077309326 0.00364223545977956703 0.00150314973139112937
6	0.01783708659484046707 0.01520163336770860053 0.01443113234569787240 0.00415928644089346398 0.09972098606247797870 0.00358849584871443264 0.84506137933966729570
4	0.01135889052589263148 0.00165106064480849608 0.00083720173177599113 0.00057653476866173958 0.97318999714388387812 0.01101524732267330532 0.00137106786230422380
4	0.01506137591045425550 0.02070343281801426127 0.00570078539963609927 0.04381775576057395788 0.91079117407142617946 0.00100551357222414305 0.00291996246767059920
0	0.92342696160399018179 0.01272863678766272301 0.00361669826739169755 0.04845894040853727935 0.00828199018617482331 0.00097156362264839763 0.00251520912359499537
1	0.07483058129387307189 0.58776187486967035323 0.02502303453856864063 0.00647717082917598306 0.13729230389403820900 0.10665598695205354141 0.06195904762261978532
3	0.23456332481448771698 0.08588424054799849439 0.10818227953894868354 0.32899357294209263802 0.09306114376682482481 0.06167633514181710547 0.08763910324783046046
0	0.64323271793997049972 0.17080539919549572736 0.02549951791378195221 0.00456403272564729050 0.13461487763117041538 0.00500316927360866005 0.01628028532032511563
3	0.00254422267711717359 0.00017733786032617314 0.00146312097068474617 0.53854914194835845631 0.00630410783114156072 0.44591326380239182381 0.00504880490997969191
1	0.00903555122892793668 0.77694353355959078211 0.00320293256973851539 0.02534719332387503493 0.00600886294481168485 0.17205341072142263381 0.00740851565163390229
3	0.00001946140979395725 0.00013630874325341167 0.00001142751263622525 0.99978618745579939109 0.00000134512578105499 0.00001321467608117294 0.00003205507665402280
1	0.00013611126549853127 0.97253469276860782244 0.00579153647336314199 0.00410525753550340395 0.00125719332001584042 0.01603995409416839046 0.00013525454284222537
4	0.04007759526610464584 0.00778817129126160249 0.01666491021117651877 0.02345302466769735514 0.85317461641732084132 0.03585652965218021765 0.02298515249425876067
1	0.05487770183395085377 0.55813829397870495796 0.08754699417120331839 0.09131204825084382470 0.14098942606333503269 0.05164859831932694378 0.01548693738263513114
2	0.00009128370250553436 0.00013839772615027387 0.99939944572656214117 0.00005143492482661974 0.00006539282410369697 0.00019041212853221080 0.00006363296731764070
2	0.06122099163723881965 0.24935714558875704538 0.45058887824496257624 0.13841891921231280760 0.05025487112470332363 0.03675228493943238917 0.01340690925259335753
0	0.52377268419755784734 0.21027357014306402583 0.06259520198272318370 0.05481840188185493207 0.06424477887698762379 0.06136427820143057488 0.02293108471638195117
2	0.00001208258493263327 0.00007905578057553451 0.99926394880968816281 0.00007878772931116853 0.00013625857569925676 0.00033613944323025068 0.00009372707656205358
4	0.05127007159124519209 0.11335498139309009569 0.04767265070176542052 0.12101787064505306613 0.54355139239386462968 0.10561848549676380871 0.01751454777821773515
3	0.06830670154548881823 0.02457517070400710990 0.00085830067445100426 0.90446003229404348112 0.00067885779936555947 0.00062059308558020092 0.00050034389706419310
2	0.00000131576753239246 0.00002359209428907479 0.99821449924649885421 0.00006962090129948188 0.00003929227571529248 0.00162665884361762954 0.00002502087104644101
2	0.00159982321502377721 0.01417712125895659835 0.97717249094635916240 0.00311426932595299704 0.00036805479505616959 0.00151512158296456434 0.00205311887568759019
2	0.02384649918602366539 0.00571955181580253297 0.93772724466584755909 0.00141196256451273658 0.00942983482511651830 0.01641261624865241950 0.00545229069404455213
6	0.00401540002259896580 0.02360151165517592256 0.01436791560488248284 0.00257914886016540447 0.01011961509064494315 0.00174985112880020311 0.94356655763773167322
4	0.00460436653825562880 0.01931891992742991795 0.13023046371500326956 0.20999551250046658013 0.38277408711249494289 0.00325624361706972499 0.24982040658928006405
3	0.09089665473324930189 0.11706382032651989344 0.02069982292924776174 0.75588272101405518111 0.01143355901528435303 0.00066716057844242826 0.00335626140320102436
1	0.00062013412126140017 0.96579551492161874737 0.01266738553901462089 0.00616969940590350163 0.00162470890730894465 0.00489928281899480126 0.00822327428589853492
1	0.08707234932485151402 0.54069816470526310681 0.13021158564434245908 0.04863538595692384892 0.15776837612670693844 0.00127846520597491844 0.03433567303593772907
2	0.02057148087904193262 0.03969336704922171721 0.47430508852350700133 0.42779691050128271224 0.01868240340926247828 0.01127255988203359170 0.00767818975565062560
1	0.01092285318514776143 0.79968795141815063321 0.11426025242861424791 0.03569322599708550647 0.02734440164908456816 0.01035582924028050252 0.00173548608163675861
4	0.01152802258727689787 0.06849513036488991125 0.00901483693580318324 0.07966528844186761271 0.66656307584325125148 0.07103252798014872416 0.09370111784676241062
5	0.00006280169045801926 0.00057639334472239919 0.00023017675986439958 0.00052796260073845669 0.00026642893975477338 0.99813731353562151760 0.00019892312883983633
2	0.00000095155162127269 0.00000654944872932451 0.99988565029662357375 0.00000156652298786968 0.00001158392121531438 0.00008773843484996525 0.00000595982397158210
4	0.01927961923360789476 0.27546826647117700348 0.08696665794689005524 0.19236486737415378623 0.39580289950492425488 0.00702945235259355358 0.02308823711665323672
2	0.00015741386424542224 0.00026766922615043416 0.98546436121317426693 0.00003854415812848976 0.00015223795816211776 0.01327835933058577403 0.00064141424955244846
4	0.00752655979102397846 0.20987962612566696263 0.02482700183425192580 0.04409294642454605895 0.70929040848646096595 0.00299597188918370892 0.00138748544886625053
1	0.00065026636764572477 0.98337665914492600194 0.00101810079612156936 0.01149276777167695593 0.00121395973691883663 0.00107531280803449818 0.00117293337467771954
2	0.07645554501283427506 0.02820732279706088252 0.79547141286242528668 0.01107158715975731234 0.01587596265870857767 0.05971656815393425882 0.01320160135527912414
4	0.00057627153733247447 0.00001850315679831374 0.00017750683454569708 0.00007615444245768163 0.99662065555708756470 0.00244504051673014380 0.00008586795504878865
5	0.00002995629038384443 0.00000403367525653934 0.00018192555444936114 0.00025363802137971005 0.00001878192632101942 0.99950832344189866063 0.00000334109031089779
1	0.01336894456152045406 0.57016809461831485795 0.00395940915093346679 0.40174355899446823059 0.00029875521098778984 0.00768582765203398681 0.00277540981173975696
1	0.00550879530827049282 0.99331861233178797566 0.00014081503718206125 0.00093864417558464381 0.00001726195531404759 0.00003244002665876440 0.00004343116520140386
3	0.02140628769431491760 0.38091048390867870976 0.02868677288183513543 0.48707764971664990750 0.07481794662549122454 0.00586672932325344940 0.00123412984977663560
2	0.03630523529450584846 0.14211743748239735741 0.34743790876848329452 0.25576772038821798949 0.11240295128216089282 0.03227082668843157115 0.07369792009580351799
5	0.00881854187646892267 0.00055634931371159060 0.00181327522816239158 0.00058410326535172322 0.01605828053804640027 0.95415022419920580976 0.01801922557905282982
2	0.00005710925497081216 0.00001869698832396656 0.97792366234638394840 0.00010982539624097781 0.00139089590672514013 0.02043342746925021214 0.00006638263810387790
6	0.00270918067895616586 0.02115681053671771006 0.00593339696407532528 0.03581220319735604896 0.00304663448418148602 0.00051221644108944081 0.93082955769762365517
1	0.00464550324510329057 0.98735031290405073090 0.00324964479414715634 0.00358062371422203894 0.00015536605851012851 0.00089326064747476217 0.00012528863649120399
2	0.00002455554400475237 0.00000791377824746545 0.94716659985979967384 0.00000161837151656487 0.00001483110514251009 0.05266569513217332632 0.00011878620911456510
0	0.64756476017133535183 0.08730066921867379870 0.00362233934908208488 0.01530251272399789017 0.01375183049328658480 0.22115511942014318136 0.01130276862348104060
1	0.00588432877662895329 0.87407440350512521920 0.00044719142663146512 0.11722707456066702725 0.00119071953592986583 0.00063704963055426331 0.00053923256446406582
3	0.25034918762008906423 0.36925764328739374420 0.00122937608877617816 0.37790294035011806617 0.00025702665231722372 0.00056197350444315512 0.00044185249686250064
1	0.00207979470225602182 0.97197149619074829641 0.00608555069404492516 0.00273924389844419853 0.00226211344907469242 0.01396417382924409339 0.00089762723618789153
1	0.00797997680091136821 0.94838338507547048639 0.02077313298570718225 0.00784242447132509762 0.00716926315344617107 0.00325788485668581295 0.00459393265645316896
1	0.02235192179554328432 0.70862642454279534121 0.00199010933776693193 0.03829596842903798537 0.22325435041184912843 0.00105918964888973956 0.00442203583411772926
3	0.00451715135610932308 0.11245916766390091912 0.00401599792429876024 0.86711446516666645934 0.00212898886069655012 0.00849973223546727358 0.00126449679286138130
2	0.00010874165443108618 0.00011311892570192334 0.98366617992011351479 0.00019750570084811536 0.00173657634164149860 0.01325374601514811915 0.00092413144211439080
4	0.00195239972443956634 0.00333959591337203935 0.02105348977693720369 0.01001811390421567666 0.94248083594746312475 0.01009523398693244409 0.01106033074664033479
2	0.00020033155557659449 0.00005556457956405372 0.99877301774406901380 0.00005037809325850669 0.00024383450026385170 0.00050875901636263587 0.00016811451090501550
2	0.00152301090475693733 0.00887928954290856907 0.94914929837965622550 0.00329016323035848969 0.01112006764153489549 0.01468742389770051095 0.01135074640308399510
2	0.00001322429479181151 0.00001717078108410414 0.99884676199746114111 0.00002957155519649536 0.00035444205955071132 0.00070647380162433093 0.00003235551029202702
2	0.03016140865952554942 0.00319376883946638100 0.95345673206817094236 0.00791782013777092911 0.00101744932648196789 0.00376308871352315369 0.00048973225506068752
3	0.06085972107343006615 0.05977771807237829138 0.05026729739359915572 0.72223601322510733169 0.05869362611564752502 0.04360191573679737809 0.00456370838304026756
1	0.00016144097139127081 0.99762387966250365423 0.00017200478690040878 0.00007189489396463025 0.00002046142640930293 0.00147576270737694308 0.00047455555145244896
1	0.01313641711948128170 0.65113105892743949887 0.23573704860224001245 0.04068046237054835645 0.00368474671604200523 0.04199069102554357086 0.01363957523870594317
1	0.00023162525302094012 0.98761702303216714061 0.00751455768161770048 0.00191512253054315564 0.00054073866761220090 0.00136676070222822789 0.00081417213280936403
4	0.02042196539307059022 0.22059355015697382218 0.09889014607136832613 0.13029420413100728515 0.44461601253552435198 0.04388690343902701407 0.04129721827302865883
3	0.00444793836797013637 0.00393680901849682158 0.00274990903669841301 0.54282094719427820273 0.18069721446742992299 0.26480275606998932014 0.00054442584513771986
2	0.00018941337999016906 0.00029193491416241063 0.99874273427649540302 0.00002187425890554341 0.00016467869663001761 0.00041866695220728052 0.00017069752160875381
0	0.55594401717355967918 0.08403807705350968549 0.00687838633977337459 0.00262240988532965770 0.20045073620878556264 0.07333073355345161304 0.07673563978559022614
5	0.03860848080976962693 0.12780732839899314190 0.00614443606496214469 0.01826250263278183725 0.38418360836279491499 0.41039898347189063266 0.01459466025880742923
1	0.07806872785089302713 0.82378330303427482750 0.00068112178267251092 0.09253703049458898711 0.00081824231821889639 0.00098385223609044137 0.00312772228326153130
1	0.02309300855713252235 0.92913366922837958839 0.01612485187575653928 0.01541797822406831484 0.00580251820499372729 0.00606003953362543694 0.00436793437604430634
3	0.03580553287443424132 0.37391993695401776199 0.00257938840486692704 0.51363064348829556849 0.04620209446698570616 0.00524535433341109716 0.02261704947798868007
3	0.05312620041614583843 0.25149039352757612820 0.18202956038589820920 0.29161526745455357279 0.06916245770754840538 0.05606024303795564129 0.09651587747032229492
6	0.15409464864969596443 0.02210312094443800390 0.04285130538775122622 0.00100935927413988900 0.00587377127327353473 0.00462311630480265537 0.76944467816589878773
1	0.01254103779987861440 0.92000194635838694612 0.00845568829171435173 0.00754073251229322832 0.01494504276231033331 0.03548211800262122961 0.00103343427279538650
1	0.01152161938347175639 0.76677080942583564216 0.01449706538211203120 0.02365519446095169440 0.16507196188125647374 0.00591915791828627642 0.01256419154808623151
3	0.00313672013296906107 0.02804624777888726009 0.00021640801672835223 0.96737650061387547851 0.00069300723663493272 0.00009494565355111086 0.00043617056735455130
1	0.06517896325285989223 0.87178989648473781404 0.01323623893602053798 0.02201511087131094099 0.01567264005503261198 0.00415197767614601271 0.00795517272389234878
3	0.00216233639736348104 0.05869078091135801478 0.00562016152066524902 0.92099080276997657979 0.00329941009697183553 0.00604715214288251580 0.00318935616078306131
2	0.00006100686054205936 0.03162098627719295285 0.96821115820180714273 0.00005195221000793255 0.00001463177353963336 0.00002727337156398108 0.00001299130534690335
1	0.00001426649863974300 0.99737011363362437777 0.00093277710220836349 0.00151250840094088322 0.00009364265456507353 0.00007287938543504928 0.00000381232458686582
2	0.00197437290514146987 0.08913473895327850283 0.90432415272600019662 0.00134475007727258614 0.00078606808172767976 0.00233833816723641973 0.00009757908934334154
0	0.68345420584131411079 0.01391555508168384851 0.00794465564363792259 0.00174919177587791528 0.01103130811573786035 0.09080365711133331352 0.19110142643041497235
0	0.55725107663698281169 0.00482324757413480840 0.01774680074925841233 0.01516217497845202648 0.25378248782310897091 0.04662429407383045232 0.10460991816423238776
1	0.01887626862803083380 0.81670610398937881769 0.05816944060073765688 0.04151492043271954452 0.03288883413254791582 0.02798212718749670813 0.00386230502908907220
0	0.40204480570752210156 0.06041490874494128555 0.09578910031135587366 0.02577966266068852305 0.22876046068873984174 0.06430587799119669157 0.12290518389555574186
6	0.21711108090826963801 0.03830129184874882936 0.08878686732078287791 0.14258294106554705860 0.06599256070200372470 0.13804855586846917492 0.30917670228617832873
0	0.64813778219946560633 0.03290651489770712868 0.01958742277541946838 0.01316013643506050088 0.05061926555147560486 0.09661229329171168445 0.13897658484916028399
1	0.11544907934824387430 0.27259111230591326347 0.05637055652870719830 0.02615209511833298944 0.10078650607909156456 0.19650832032842457942 0.23214233029128653052
3	0.02292217492807623394 0.01597898963306209480 0.01479766644313550497 0.89161339640004788620 0.00610626929741548297 0.01688401307152162523 0.03169749022674139827
0	0.79033436203291895783 0.01097445169344058065 0.00312284361714642395 0.02946801747864085524 0.06263138320108484203 0.09995493032517747956 0.00351401165159094097
0	0.52179411126479235961 0.04408441079189177880 0.01704131073820009182 0.03401891292174535203 0.09638631175806096352 0.10288203272332885341 0.18379290980198059735
2	0.03044350405100595264 0.02156155537210330611 0.35988974496066156172 0.00119947728294554612 0.21339816869656566545 0.02323353952997215394 0.35027401010674608095
1	0.02404177550736308691 0.85492882311267803797 0.01539203045767161687 0.00757144530870578793 0.02260264910313710893 0.01343933933260860018 0.06202393717783633714
4	0.03938467082760999799 0.28556630799794491260 0.13809328595868547440 0.08540757662517692306 0.37697422375101780068 0.03649170302873701310 0.03808223181082783654
3	0.00094862703783480339 0.04975381961041457773 0.00066619648010481211 0.94712691485709110673 0.00055392618155622074 0.00015316460835830943 0.00079735122464064882
3	0.00046964114859675082 0.03073527916147232239 0.00095645956536412400 0.96564250225106407211 0.00045718158316886511 0.00146274181769633148 0.00027619447263778780
1	0.09119901249700093637 0.50723357199146235086 0.07965999574179553899 0.20125683366153265808 0.06935174025515625229 0.03132078242403554119 0.01997806342901661467
0	0.43661157720735388477 0.00368545869874070545 0.04483472036967385554 0.05586913716025972837 0.40895080094511965241 0.00589269097294117371 0.04415561464591089003
1	0.00242605691911646068 0.93851649670700521000 0.00923382868406441744 0.02924114353714087761 0.00406202235823951291 0.01444198543767981520 0.00207846635675358908
2	0.00104953747029601688 0.00013279765544047214 0.99395599285319480298 0.00002301562240392971 0.00010716121802208263 0.00445922810714494827 0.00027226707349884739
1	0.00075948552770766962 0.98403581967507214312 0.00095947830653952916 0.00015828950486716930 0.00062686479334718122 0.01178604133062235472 0.00167402086184503178
1	0.00196497166804919261 0.98096434767123341647 0.00179495794767835183 0.00341328534617179810 0.00040230090511758301 0.01110550763926457934 0.00035462882248511057
1	0.00015460566051898715 0.99313707281043728248 0.00098081088342945799 0.00173538115119108529 0.00216582788906847937 0.00171143239613774688 0.00011486920921710892
3	0.13165790443482233707 0.24955860619588912663 0.24287792483700273993 0.34577282310015011735 0.00517264267208334023 0.02233791298322392385 0.00262218577682863914
5	0.00760993090948443481 0.00538205150020868925 0.10834792050723465739 0.00049379850763692462 0.00041743923409761946 0.87722524948947444567 0.00052360985186259475
5	0.00007847280118661638 0.00031550862998317732 0.00001379458536497275 0.00120682348682634951 0.00288076436593955520 0.99539328534577764529 0.00011135078492218341
1	0.00788925465627048246 0.81128543684177922835 0.02010679041426107622 0.13074663276958836677 0.01424894907034559600 0.01157707038180563752 0.00414586586595021549
1	0.00327966637761100506 0.96480387553853153015 0.00171998445844111030 0.01501710277336354427 0.00042882935316770150 0.01403192271480110769 0.00071861878408279703
0	0.44095497106549985666 0.24784816633946121778 0.13351743015811623483 0.04106492348368852296 0.08504978651296990488 0.01172248575229411366 0.03984223668796987167
3	0.01928469128895918955 0.01158246795423305102 0.00618752247461712684 0.95267289182576952999 0.00446596531797260800 0.00215165233702379211 0.00365480880142429222
1	0.01073656564525178429 0.97304041007627706250 0.00129597387209588852 0.00192127794915879896 0.00126551917938715302 0.01117541946731036816 0.00056483381051899918
2	0.00000066001433226728 0.00000009358756819236 0.99997936857604419192 0.00000011188407214712 0.00000040483850205049 0.00001899002095500299 0.00000037107852497724
2	0.00489328957180946642 0.00075850029883137583 0.98510974835577247433 0.00105841949508335637 0.00139664717090809041 0.00345230120684504854 0.00333109390075046405
1	0.00493317808670364934 0.96667686556266207987 0.01025836185979244093 0.00236209843576216548 0.01189518976068142803 0.00357792787426037444 0.00029637842013876614
1	0.01575215138901674486 0.55279636584520852605 0.06388552624961058024 0.31101924880734860279 0.03521263860436815024 0.00417070600558069188 0.01716336309886739783
2	0.00259212543317508242 0.04671316785250848036 0.92351003053803304432 0.00148192575975605889 0.00436940862113621188 0.01004885477977374673 0.01128448701561720301
1	0.07600218855950087449 0.55678230740174716740 0.09488455199075156166 0.00597269246290835307 0.13260860444657010526 0.10599251913210935849 0.02775713600641189355
1	0.05501722342463898074 0.84123614610650676582 0.00762668490267390514 0.00777544569750518617 0.00334839570981205429 0.07447649996101202152 0.01051960419785154775
0	0.48795271637484138871 0.00348233701906591623 0.06102136203216731308 0.00251283327768447385 0.04205295549260492510 0.05665246765616187979 0.34632532814747413186
6	0.40916865960020049053 0.02402824342338751029 0.00613565551192534267 0.00541233152684560386 0.05417690531092885647 0.00103606610350121453 0.50004213852321099942
3	0.05605026231290427541 0.19066525094611141977 0.10864433807541563903 0.49840073067940093843 0.10093550430305074650 0.00884359587105421410 0.03646031781206285349
1	0.04514000580637155674 0.76852518963576976763 0.02710545916600653679 0.11207869464607289611 0.02289965778889809650 0.00600522603073039545 0.01824576692615062848
5	0.01618559513306746384 0.00587004316025596402 0.01244148732905148852 0.01018014484693655769 0.01211206441095819854 0.93841900895837204732 0.00479165616135808665
2	0.00016700088612093349 0.00002987068415286642 0.99762101427999494430 0.00008218707103338239 0.00014318613981784123 0.00179920608544865989 0.00015753485343228735
3	0.00042299376074941391 0.00525453087951772979 0.00078978176018622726 0.99138506636803624961 0.00019170433725644242 0.00122453103315252202 0.00073139186110110759
0	0.52312968160040962395 0.00441995283272240101 0.01095564278306129617 0.01023793774839255530 0.42782707172971529141 0.00579071534977702168 0.01763899795592179312
2	0.00100963134632396320 0.00177968898881053820 0.99452412443373916506 0.00124718984685493655 0.00023997117110225407 0.00064886119201476133 0.00055053302115398110
1	0.05455224338161333841 0.91269702261149754374 0.01718572808336090232 0.00639146726632330592 0.00050938366797189934 0.00284768125443331634 0.00581647373479964036
6	0.00999626515260060820 0.16622289277754448422 0.01176540298002011313 0.02003279481338898424 0.03117706119217502833 0.05115956394366298621 0.70964601914060831955
4	0.00025239068618822881 0.02662957103662547120 0.03549358716413492792 0.04744136252409935500 0.86441408827371335466 0.00062857405479135376 0.02514042626044720244
0	0.35653357550223563344 0.17449151280903915651 0.28620726287343956074 0.08070636222912662416 0.03923549414536819935 0.01124891150322858240 0.05157688093756224862
1	0.00066718463090235708 0.99398931901468012828 0.00109628479953803159 0.00356805000339189453 0.00028279131902800563 0.00031733687284230905 0.00007903335961683960
1	0.15465468023650302820 0.33916470197458459257 0.11649079374037339674 0.04043460835223265659 0.15279139655890894289 0.11761445443581117209 0.07884936470158622479
2	0.01806530421897120306 0.00755649221973456794 0.97134799645125435852 0.00031474601948759424 0.00025778137992422593 0.00204957463830113696 0.00040810507232739871
5	0.19862278182183523700 0.19874595281559301330 0.01708254619932100468 0.04007469604936315932 0.03556425374852608540 0.47955916083127808625 0.03035060853408336895
3	0.01826513304079130026 0.01749186822313147233 0.00162376870788234436 0.95832971579285541885 0.00148794184117357329 0.00256157907644848342 0.00023999331771693859
3	0.00063783895728656095 0.01532484949001979013 0.00070805663760701014 0.98002924426698279081 0.00020965395327250490 0.00004049180804465133 0.00304986488678562042
1	0.00589002944441234001 0.97651779078810663215 0.00325391766193045516 0.00969510530083041687 0.00342428515407472997 0.00067753295249068225 0.00054133869815487185
1	0.00428956421262195221 0.56475546332440573760 0.12611732087293386906 0.23363760312087408777 0.00918046867902519263 0.06029967100146759601 0.00171990878867292062
1	0.17630736082748194038 0.49540718609601852584 0.01613339783471836458 0.04963598414755082677 0.06067480850073247306 0.02383315222611303436 0.17800811036738500848
2	0.00241970235018605390 0.17077758679952373400 0.73255948553675909185 0.01084088107483536026 0.00255218492964744701 0.07990293749686100400 0.00094722181218672786
1	0.00330829220134237593 0.51270526831223506292 0.00578410987495428519 0.00085507228121073733 0.00170505811033215744 0.47500056364662945896 0.00064163557329570430
1	0.10469453731089538306 0.87435897862690969973 0.00529024849392720122 0.00374752496823010928 0.00409725143616004005 0.00657816389000268412 0.00123329527387480405
3	0.00002013398766190972 0.00060927949155061380 0.00036876472563408629 0.99865308932802865360 0.00002187536720503455 0.00001459366349476504 0.00031226343642566938
3	0.04521469650212053826 0.20391490005744675185 0.00746225635530995465 0.71139889923849042308 0.00554176538301937808 0.01344794691518661975 0.01301953554842662404
3	0.02045082836343725327 0.19955937268983134358 0.00590314212853445489 0.58423573658572869327 0.15503881036568253893 0.00908626106533500302 0.02572584880145091860
1	0.01516716992867985642 0.90613005872272456287 0.04180677983908170914 0.02160043489033101546 0.00186985205160753766 0.01168571970486600303 0.00173998486271019991
0	0.73424435031119317241 0.16944785376136822785 0.02720317442736875854 0.05311350242555748502 0.00712682760092414169 0.00246987345862731628 0.00639441801496058119
1	0.00183064662712746694 0.86192001672455764716 0.01829229080219421308 0.07858779452447117730 0.00477408726928017866 0.03439871885555263048 0.00019644519681624286
4	0.02641723314866131420 0.00231629631025788343 0.00885666137451509433 0.02330757123707309642 0.93709566990995685209 0.00124211879239988915 0.00076444922713632499
5	0.14873113401494780783 0.24626939196768846130 0.04729056536076758216 0.02669819588553603087 0.05058524461128329625 0.43505091592498268405 0.04537455223479430061
4	0.00041318077801532656 0.00009348124312899141 0.00010559261351179404 0.00002393028580944548 0.99888407795664113653 0.00006163152878591857 0.00041810559410664658
1	0.00137491838833270793 0.95129235358917674237 0.00419185921436606226 0.03615599754428434898 0.00249406860792944756 0.00047435886028289221 0.00401644379562766246
2	0.02195789535451539778 0.01785754067738822351 0.92224903251286194372 0.02875873003157651889 0.00485192279847220919 0.00175322323362933521 0.00257165539155601846
2	0.00514589530543369325 0.00287817837873125069 0.96025306865358028841 0.00001202118953806322 0.01505167967279562834 0.00775863498910514017 0.00890052181081601827
3	0.02783339547015348595 0.00368620183974755758 0.00106678405889688724 0.96394425011152440330 0.00091375420989253556 0.00242678133350274911 0.00012883297628242630
0	0.63295712291932371141 0.00482238507365473443 0.00463108975944967211 0.00131491764239473493 0.32993379979866643836 0.00837255431849253350 0.01796813048801813861
5	0.04292922383529184510 0.01546916171932070060 0.00337024178647240451 0.04746877988638543294 0.15629971276381646184 0.70240901016977952409 0.03205386983893353942
3	0.06189004531088691807 0.43790037104749041097 0.02182137389215732179 0.44303310984620586366 0.01932393995004560647 0.00360121827495018827 0.01242994167826376103
1	0.00179355217399632528 0.66033608661318332622 0.06284014959403481926 0.00158853642916485815 0.00599120416207941150 0.03190064950885728584 0.23554982151868364415
3	0.01470201443515761763 0.23232916738661477107 0.00574996488992787335 0.65120259711285355397 0.01100876941845039397 0.07888457843987127516 0.00612290831712405514
1	0.04625742086957872895 0.89343558868596961720 0.02755098825788010117 0.02911527137503638549 0.00168462944478053379 0.00047134948142555586 0.00148475188532897536
1	0.00210767620120426739 0.88288578935798356362 0.00837765173387987339 0.01311657249248354175 0.08081131023178692030 0.01180993745690814799 0.00089106252575302074
5	0.00009779577476948251 0.00410984383622144296 0.00383488879212150018 0.00037723047807544408 0.00656428506597456132 0.98325909206305506238 0.00175686398978387552
2	0.00038065560795686642 0.00693467706333835299 0.86614927868772617625 0.00309359986057812335 0.11283214878740384368 0.00682379160263327841 0.00378584839036258261
2	0.00057278548081219456 0.01063136616524550625 0.98597660865771563632 0.00058570676635032290 0.00004208781780665077 0.00210762187696310159 0.00008382323510763700
5	0.00002142045842107846 0.00001748940642207219 0.00001068065774234761 0.00016442062049656659 0.00000540062392929471 0.99976793203827840628 0.00001265619471006676
0	0.76386703856390647527 0.11620459270071355207 0.00376391584240087437 0.03212147391660758605 0.02540975689137116994 0.03914430425740629549 0.01948891782759415436
3	0.32355851315762068632 0.20524433084191434640 0.00326326192262990861 0.44127380653400577470 0.01519146617179031357 0.00030855860361040196 0.01116006276842861425
1	0.03520392985317385287 0.44306241648106992059 0.02378800557858004941 0.08214078264411811547 0.02372013874488914514 0.35510656928391859388 0.03697815741425008323
6	0.00352419886738214753 0.00020380889850449331 0.29371441642441037390 0.00080013394257397597 0.00021021647674358888 0.00678483309210101485 0.69476239229828451460
3	0.19408778273445359552 0.14261160815504136945 0.01740891973150250627 0.61237369573332589567 0.00269141560466131706 0.02874268196059889813 0.00208389608041625440
2	0.00038077502386693607 0.00538980929062384678 0.98678727506549424042 0.00192529759478429654 0.00015758798442146220 0.00515129039939301540 0.00020796464141498595
3	0.01374223772306663871 0.21543960632460404381 0.02821300859574490949 0.63178242422366759357 0.07121063826257387208 0.02498154987341586961 0.01463053499692759489
3	0.01286445999207938042 0.15037556683372796384 0.00060552421818537154 0.83412927234913691876 0.00069338938310775438 0.00127763746866519051 0.00005414975509859900
6	0.00086768196777736815 0.00289349482849897378 0.00377756752453259088 0.00020485948833660675 0.00207565741736942750 0.00653261392932116911 0.98364812484416397353
1	0.00370998704333973511 0.84284324828511258954 0.01258267886830850141 0.11633341117072926174 0.00859217908607085717 0.01133992204173808575 0.00459857350470116444
1	0.09772681096618367202 0.41851806919300138521 0.02386191126762485931 0.08953068340700764960 0.04292525292249246838 0.30538689575392519160 0.02205037648976449979
2	0.00305236180311674625 0.00179978374328398460 0.99008201681123930715 0.00403317851412966690 0.00036954476874477663 0.00060338453026147470 0.00005972982922445706
5	0.00029424092035486304 0.00394153222473368932 0.00015413308482365890 0.00083864955540020685 0.00017955817046035025 0.99373043588962362005 0.00086145015460313947
1	0.24971858166716481842 0.25071146350500300715 0.01005651630370189321 0.12544448287813367293 0.24156542423887236715 0.09932830572233158906 0.02317522568479264342
2	0.00456023917188879465 0.03511282401274975346 0.64585562780562011387 0.01427637973814377403 0.23066941798019233167 0.03053654976828419632 0.03898896152312002900
3	0.07550947441608477084 0.10650614799241324426 0.01549841963511303621 0.61143037944350120405 0.03656421030915702614 0.14577059470488823445 0.00872077349884228283
0	0.85142229566025340315 0.03159767289153529030 0.00649775465183311321 0.02449045870144449591 0.01507450226983361209 0.06777348698314733522 0.00314382884195279740
4	0.00015967681934256302 0.00038094572692111346 0.00038824321234369371 0.01967614628819703768 0.97893716428818078334 0.00003271088869528438 0.00042511277632059755
4	0.05486433150336923747 0.06333773424440551636 0.04129289692950988133 0.05012816371457312625 0.59637730885875539499 0.00583445052018348627 0.18816511422920340069
2	0.06026190080928128107 0.25261430485183355987 0.48099496890423293349 0.02462162776613430540 0.08854141515798893969 0.03581846283330020891 0.05714731967722883749
4	0.00616833901846475501 0.01719558477767429289 0.00385398678109997138 0.00144693468875077970 0.91877545713096897551 0.00346584466890478404 0.04909385293413656703
1	0.00971362734818992379 0.94760370510746660955 0.01379149237995254580 0.02407871607166374439 0.00279110984998658974 0.00121798951514797641 0.00080335972759369007
1	0.00172410997361927909 0.99036344598340819712 0.00126123441087893653 0.00011729806479268038 0.00001840889594215455 0.00645356356178778540 0.00006193910957037388
0	0.40451239843750796954 0.25740626311450726105 0.02017045243290764220 0.18122584086065079978 0.05736085615918790764 0.02994157411124227092 0.04938261488399623561
1	0.04219750247167308038 0.86732822434842915538 0.01678005236644818099 0.04443851712431887840 0.01635124943117396631 0.00659396521025352404 0.00631048904770258132
2	0.00086744544678999953 0.14602666180762435832 0.47641987493638254803 0.00113586293930166560 0.01944586694545656982 0.35261956101264541052 0.00348472691179911066
3	0.29117857440248279266 0.01733605741037347672 0.00444385314260874881 0.46429793193399104823 0.14839220647807380149 0.06784816678416526192 0.00650320984830471491
6	0.00455762465534020975 0.01752387529612852921 0.03136058091801226938 0.00537993149593747957 0.00844084727451877015 0.01015161164694432759 0.92258552871311849675
0	0.96888396406953147810 0.00554156257923621443 0.00031266597795666872 0.00425078193733962988 0.00798684035037479541 0.00183246438688575109 0.01119172069867552070
1	0.00455112083298912090 0.99244219676153544452 0.00008489321479703379 0.00246142838950943327 0.00012768494618815667 0.00021224898296008977 0.00012042687202140584
4	0.08268109613866816976 0.03819743964283518756 0.00188475500241509233 0.00286798736100245212 0.86532300445399923383 0.00592183178594400325 0.00312388561513596112
1	0.00119664699057230343 0.96426656924002840388 0.01981129373737778449 0.00665296379703332087 0.00528720617774883477 0.00230638019341207435 0.00047893986382680648
1	0.00000197451021183473 0.99974108937942096631 0.00001810698796132334 0.00021502710272246924 0.00000798376913275769 0.00000797989977763645 0.00000783835077302637
5	0.05461086963982592773 0.20953525725591537476 0.33978249046208225392 0.00142630369463551975 0.01776217122802948439 0.37558262147979437628 0.00130028623971674222
1	0.00336761931174860618 0.52966018817664106688 0.01004927655584845862 0.09366989052545386663 0.02957082790103283954 0.32702739527877416892 0.00665480225050176302
1	0.01889986897798046073 0.48791501799111453019 0.20297141360856135739 0.02268269948539194253 0.13366721856468796736 0.05857411605400805049 0.07528966531825614927
3	0.01124828484072544141 0.15007824695329197162 0.06758711700789186982 0.74921456884812631660 0.00626827819993502292 0.01086650306552037169 0.00473700108450844301
1	0.00057578278035480925 0.95602478140253843719 0.00060412129318549845 0.04145270971112004210 0.00001658335907145872 0.00130495395546306107 0.00002106749826645425
6	0.00164668705033635919 0.01388378044264460855 0.00747228425501740047 0.01766692540995590949 0.34056902531918470389 0.00359443393620113589 0.61516686358665984002
0	0.44939027626075289668 0.09100232849697573179 0.01511377611456887413 0.19611030612690127928 0.08699851657488623380 0.12728724336595542699 0.03409755305995939428
3	0.00146178884501857410 0.07153926555012471433 0.00002208920530750499 0.92683799271839040212 0.00011812442922298773 0.00001793618677104801 0.00000280306516426322
1	0.02357531685646805514 0.59189213470190027433 0.05289201355966809820 0.31068910227473461871 0.00239973125303941321 0.00434020444460001421 0.01421149690958967496
1	0.00431985810593834858 0.99451992205346628761 0.00038501405809238386 0.00035550369910943903 0.00011317907151908310 0.00028393475982460152 0.00002258825204998047
