array([  6.73794700e-03    1.83156389e-02    4.97870684e-02 
         1.35335283e-01    3.67879441e-01    1.00000000e+00 
         2.71828183e+00    7.38905610e+00    2.00855369e+01 
         5.45981500e+01    1.48413159e+02])



megam:
train = 0.00085 0.00085 0.00085 0.00085 0.00085 0.00085 0.00085 0.00340 0.01359 0.02804 0.05947
test = 0.177296 0.188776 0.188776 0.188776 0.181122 0.177296 0.165816 0.169643 0.173469 0.186224

svm
train = [94.2226,98.4707,99.7451 ,99.915, 99.915,99.915,99.915,99.915,99.915, 99.915,99.915]

test = [80.9949,81.6327,80.3571,80.4847,79.5918,78.5714,78.699,78.699,78.699,78.699, 78.699 ]



